%YAML:1.0
---
K: !!opencv-matrix
   rows: 3
   cols: 3
   dt: d
   data: [ 1.1273725367838917e+03, 0., 9.6251284759499845e+02, 0.,
       1.1260742974465277e+03, 5.4075104166128904e+02, 0., 0., 1. ]
D: !!opencv-matrix
   rows: 1
   cols: 5
   dt: d
   data: [ 4.3876610133421652e-02, -7.7157994931518550e-02,
       -1.2874013119745654e-03, -3.5701806213001263e-04,
       -5.7705537700858487e-03 ]
